4 0.678443 0.633568 0.041916 0.079086 0.948177
4 0.514371 0.122144 0.034731 0.061511 0.919069
4 0.697605 0.123902 0.075449 0.075571 0.916285
4 0.515569 0.632689 0.037126 0.073814 0.882494
4 0.454491 0.792619 0.037126 0.073814 0.843445
4 0.448503 0.279438 0.044311 0.087873 0.752665
6 0.955090 0.507909 0.044311 0.137083 0.923449
1 0.419760 0.454306 0.056287 0.036907 0.877737
1 0.908982 0.733743 0.055090 0.036907 0.855175
1 0.053892 0.733743 0.057485 0.033392 0.834863
1 0.419162 0.963972 0.055090 0.029877 0.445114
5 0.282635 0.606327 0.143713 0.063269 0.869549
5 0.265868 0.098418 0.112575 0.063269 0.779698
0 0.053892 0.547452 0.079042 0.117750 0.863693
8 0.347904 0.775923 0.147305 0.107206 0.853483
8 0.391018 0.267135 0.061078 0.101933 0.726451
2 0.864671 0.510545 0.071856 0.029877 0.704909
